100
112312312
199999999
911111111
101010101
112312312
199999999
911111111
101010101
112312312
199999999
911111111
101010101
112312312
199999999
911111111
101010101
112312312
199999999
911111111
101010101
112312312
199999999
911111111
101010101
112312312
199999999
911111111
101010101
112312312
199999999
911111111
101010101
112312312
199999999
911111111
101010101
112312312
199999999
911111111
101010101
112312312
199999999
911111111
101010101
112312312
199999999
911111111
101010101
112312312
199999999
911111111
101010101
112312312
199999999
911111111
101010101
112312312
199999999
911111111
101010101
112312312
199999999
911111111
101010101
112312312
199999999
911111111
101010101
112312312
199999999
911111111
101010101
112312312
199999999
911111111
101010101
112312312
199999999
911111111
101010101
112312312
199999999
911111111
101010101
112312312
199999999
911111111
101010101
112312312
199999999
911111111
101010101
112312312
199999999
911111111
101010101
112312312
199999999
911111111
101010101
