1
45
589005 238180
589006 447591
589005 688576
589006 754485
589005 870439
589005 147981
589005 451275
589005 451942
589005 3444
589005 591254
589005 69813
589005 925786
589005 898043
589006 103715
589006 147584
589006 835055
589005 118433
589005 794732
589005 32145
589005 313475
589006 417887
589005 784107
589006 37566
589006 174242
589005 3812
589006 304791
589006 143366
589005 571872
589005 430562
589006 369987
589005 178558
589006 51576
589006 471558
589006 529226
589005 706178
589006 264738
589005 571079
589006 356635
589005 156810
589006 156065
589006 7110
589005 771513
589006 528604
589006 474805
589006 773011
589005 737159
