1
45
127277 295562
178692 295563
336609 295563
408843 295562
531954 295562
20124 295562
231764 295563
843060 295562
466405 295562
713857 295562
977736 295562
185038 295562
949144 295562
690721 295562
604758 295562
567946 295563
584950 295563
753057 295563
580141 295562
544427 295562
665347 295563
772203 295563
132946 295562
646577 295562
638055 295563
772378 295563
259822 295563
762105 295563
729225 295563
129694 295563
195008 295562
794461 295562
696540 295562
651406 295563
755701 295562
377901 295562
108048 295563
884964 295563
907985 295563
911762 295563
378468 295563
301183 295563
327768 295562
673316 295562
245963 295562
851609 295562
