100 1000000000
2 1000
2 1000
2 1000
2 1000
2 1000
2 1000
2 1000
2 1000
2 1000
2 1000
2 1000
2 1000
2 1000
2 1000
2 1000
2 1000
2 1000
2 1000
2 1000
2 1000
2 1000
2 1000
2 1000
2 1000
2 1000
2 1000
2 1000
2 1000
2 1000
2 1000
2 1000
2 1000
2 1000
2 1000
2 1000
2 1000
2 1000
2 1000
2 1000
2 1000
2 1000
2 1000
2 1000
2 1000
2 1000
2 1000
2 1000
2 1000
2 1000
2 1000
2 1000
2 1000
2 1000
2 1000
2 1000
2 1000
2 1000
2 1000
2 1000
2 1000
2 1000
2 1000
2 1000
2 1000
2 1000
2 1000
2 1000
2 1000
2 1000
2 1000
2 1000
2 1000
2 1000
2 1000
2 1000
2 1000
2 1000
2 1000
2 1000
2 1000
2 1000
2 1000
2 1000
2 1000
2 1000
2 1000
2 1000
2 1000
2 1000
2 1000
2 1000
2 1000
2 1000
2 1000
2 1000
2 1000
2 1000
2 1000
2 1000
2 1000
