> t: 1
> b: 20
> t_case: 1
> result: -1  -1  -1  -1  -1  -1  -1  -1  -1  -1  -1  -1  -1  -1  -1  -1  -1  -1  -1  -1  -1  -1  
1
> qi: 2
20
> qi: 3
> pReversal: 1
> result: -1  1  -1  -1  -1  -1  -1  -1  -1  -1  -1  -1  -1  -1  -1  -1  -1  -1  -1  -1  0  -1  
-----------------------------------------------                  
> result: -1  1  -1  -1  -1  -1  -1  -1  -1  -1  -1  -1  -1  -1  -1  -1  -1  -1  -1  -1  0  -1  
2
> qi: 4
19
> qi: 5
> result: -1  1  1  -1  -1  -1  -1  -1  -1  -1  -1  -1  -1  -1  -1  -1  -1  -1  -1  0  0  -1  
-----------------------------------------------                  
> result: -1  1  1  -1  -1  -1  -1  -1  -1  -1  -1  -1  -1  -1  -1  -1  -1  -1  -1  0  0  -1  
3
> qi: 6
18
> qi: 7
> result: -1  1  1  1  -1  -1  -1  -1  -1  -1  -1  -1  -1  -1  -1  -1  -1  -1  0  0  0  -1  
-----------------------------------------------                  
> result: -1  1  1  1  -1  -1  -1  -1  -1  -1  -1  -1  -1  -1  -1  -1  -1  -1  0  0  0  -1  
4
> qi: 8
17
> qi: 9
> pComplementation: 4
> result: -1  1  1  1  1  -1  -1  -1  -1  -1  -1  -1  -1  -1  -1  -1  -1  1  0  0  0  -1  
-----------------------------------------------                  
> result: -1  1  1  1  1  -1  -1  -1  -1  -1  -1  -1  -1  -1  -1  -1  -1  1  0  0  0  -1  
5
> qi: 10
16
> qi: 11
> result: -1  1  1  1  1  0  -1  -1  -1  -1  -1  -1  -1  -1  -1  -1  1  1  0  0  0  -1  
-----------------------------------------------                  
> result: -1  1  1  1  1  0  -1  -1  -1  -1  -1  -1  -1  -1  -1  -1  1  1  0  0  0  -1  
4
> qi: 12
1
> qi: 13
> result: -1  0  0  0  0  1  -1  -1  -1  -1  -1  -1  -1  -1  -1  -1  0  0  1  1  1  -1  
-----------------------------------------------                  
> result: -1  0  0  0  0  1  -1  -1  -1  -1  -1  -1  -1  -1  -1  -1  0  0  1  1  1  -1  
7
> qi: 14
14
> qi: 15
> result: -1  0  0  0  0  1  -1  0  -1  -1  -1  -1  -1  -1  0  -1  0  0  1  1  1  -1  
-----------------------------------------------                  
> result: -1  0  0  0  0  1  -1  0  -1  -1  -1  -1  -1  -1  0  -1  0  0  1  1  1  -1  
8
> qi: 16
13
> qi: 17
> result: -1  0  0  0  0  1  -1  0  0  -1  -1  -1  -1  0  0  -1  0  0  1  1  1  -1  
-----------------------------------------------                  
> result: -1  0  0  0  0  1  -1  0  0  -1  -1  -1  -1  0  0  -1  0  0  1  1  1  -1  
9
> qi: 18
12
> qi: 19
> result: -1  0  0  0  0  1  -1  0  0  0  -1  -1  0  0  0  -1  0  0  1  1  1  -1  
-----------------------------------------------                  
> result: -1  0  0  0  0  1  -1  0  0  0  -1  -1  0  0  0  -1  0  0  1  1  1  -1  
10
> qi: 20
11
> qi: 21
> result: -1  0  0  0  0  1  -1  0  0  0  0  0  0  0  0  -1  0  0  1  1  1  -1  
-----------------------------------------------                  
00001-----------------------------------------------                  
> result[bi]: -1
