Case #1: ord: (1,2) (1,3) (2,3) (1,4) (2,4) (1,5) (3,4) (2,5) (1,6) (3,5) (2,6) (1,7) (4,5) (3,6) (2,7) (1,8) (4,6) (3,7) (2,8) (5,6) (4,7) (3,8) (5,7) (4,8) (6,7) (5,8) (6,8) (7,8) 
ranks:
-1	0	1	3	5	8	11	15
-1	-1	2	4	7	10	14	18
-1	-1	-1	6	9	13	17	21
-1	-1	-1	-1	12	16	20	23
-1	-1	-1	-1	-1	19	22	25
-1	-1	-1	-1	-1	-1	24	26
-1	-1	-1	-1	-1	-1	-1	27
-1	-1	-1	-1	-1	-1	-1	-1
Case #2: ord: (1,2) (1,3) (2,3) (1,4) (2,4) (1,5) (3,4) (2,5) (1,6) (3,5) (2,6) (1,7) (4,5) (3,6) (2,7) (4,6) (3,7) (5,6) (4,7) (5,7) (6,7) 
ranks:
-1	0	1	3	5	8	11
-1	-1	2	4	7	10	14
-1	-1	-1	6	9	13	16
-1	-1	-1	-1	12	15	18
-1	-1	-1	-1	-1	17	19
-1	-1	-1	-1	-1	-1	20
-1	-1	-1	-1	-1	-1	-1
Case #3: ord: (1,2) (1,3) (2,3) (1,4) (2,4) (1,5) (3,4) (2,5) (1,6) (3,5) (2,6) (1,7) (4,5) (3,6) (2,7) (1,8) (4,6) (3,7) (2,8) (5,6) (4,7) (3,8) (5,7) (4,8) (6,7) (5,8) (6,8) (7,8) 
ranks:
-1	0	1	3	5	8	11	15
-1	-1	2	4	7	10	14	18
-1	-1	-1	6	9	13	17	21
-1	-1	-1	-1	12	16	20	23
-1	-1	-1	-1	-1	19	22	25
-1	-1	-1	-1	-1	-1	24	26
-1	-1	-1	-1	-1	-1	-1	27
-1	-1	-1	-1	-1	-1	-1	-1
Case #4: ord: 
ranks:
-1
Case #5: ord: (1,2) (1,3) (2,3) (1,4) (2,4) (1,5) (3,4) (2,5) (1,6) (3,5) (2,6) (1,7) (4,5) (3,6) (2,7) (1,8) (4,6) (3,7) (2,8) (5,6) (4,7) (3,8) (5,7) (4,8) (6,7) (5,8) (6,8) (7,8) 
ranks:
-1	0	1	3	5	8	11	15
-1	-1	2	4	7	10	14	18
-1	-1	-1	6	9	13	17	21
-1	-1	-1	-1	12	16	20	23
-1	-1	-1	-1	-1	19	22	25
-1	-1	-1	-1	-1	-1	24	26
-1	-1	-1	-1	-1	-1	-1	27
-1	-1	-1	-1	-1	-1	-1	-1
