100
100000 100000 50000 50000 99999 99999
100000 100000 99999 99999 99999 99999
100000 100000 50000 50000 99999 99999
100000 100000 99999 99999 99999 99999
100000 100000 50000 50000 99999 99999
100000 100000 99999 99999 99999 99999
100000 100000 50000 50000 99999 99999
100000 100000 99999 99999 99999 99999
100000 100000 50000 50000 99999 99999
100000 100000 99999 99999 99999 99999
100000 100000 50000 50000 99999 99999
100000 100000 99999 99999 99999 99999
100000 100000 50000 50000 99999 99999
100000 100000 99999 99999 99999 99999
100000 100000 50000 50000 99999 99999
100000 100000 99999 99999 99999 99999
100000 100000 50000 50000 99999 99999
100000 100000 99999 99999 99999 99999
100000 100000 50000 50000 99999 99999
100000 100000 99999 99999 99999 99999
100000 100000 50000 50000 99999 99999
100000 100000 99999 99999 99999 99999
100000 100000 50000 50000 99999 99999
100000 100000 99999 99999 99999 99999
100000 100000 50000 50000 99999 99999
100000 100000 99999 99999 99999 99999
100000 100000 50000 50000 99999 99999
100000 100000 99999 99999 99999 99999
100000 100000 50000 50000 99999 99999
100000 100000 99999 99999 99999 99999
100000 100000 50000 50000 99999 99999
100000 100000 99999 99999 99999 99999
100000 100000 50000 50000 99999 99999
100000 100000 99999 99999 99999 99999
100000 100000 50000 50000 99999 99999
100000 100000 99999 99999 99999 99999
100000 100000 50000 50000 99999 99999
100000 100000 99999 99999 99999 99999
100000 100000 50000 50000 99999 99999
100000 100000 99999 99999 99999 99999
100000 100000 50000 50000 99999 99999
100000 100000 99999 99999 99999 99999
100000 100000 50000 50000 99999 99999
100000 100000 99999 99999 99999 99999
100000 100000 50000 50000 99999 99999
100000 100000 99999 99999 99999 99999
100000 100000 50000 50000 99999 99999
100000 100000 99999 99999 99999 99999
100000 100000 50000 50000 99999 99999
100000 100000 99999 99999 99999 99999
100000 100000 50000 50000 99999 99999
100000 100000 99999 99999 99999 99999
100000 100000 50000 50000 99999 99999
100000 100000 99999 99999 99999 99999
100000 100000 50000 50000 99999 99999
100000 100000 99999 99999 99999 99999
100000 100000 50000 50000 99999 99999
100000 100000 99999 99999 99999 99999
100000 100000 50000 50000 99999 99999
100000 100000 99999 99999 99999 99999
100000 100000 50000 50000 99999 99999
100000 100000 99999 99999 99999 99999
100000 100000 50000 50000 99999 99999
100000 100000 99999 99999 99999 99999
100000 100000 50000 50000 99999 99999
100000 100000 99999 99999 99999 99999
100000 100000 50000 50000 99999 99999
100000 100000 99999 99999 99999 99999
100000 100000 50000 50000 99999 99999
100000 100000 99999 99999 99999 99999
100000 100000 50000 50000 99999 99999
100000 100000 99999 99999 99999 99999
100000 100000 50000 50000 99999 99999
100000 100000 99999 99999 99999 99999
100000 100000 50000 50000 99999 99999
100000 100000 99999 99999 99999 99999
100000 100000 50000 50000 99999 99999
100000 100000 99999 99999 99999 99999
100000 100000 50000 50000 99999 99999
100000 100000 99999 99999 99999 99999
100000 100000 50000 50000 99999 99999
100000 100000 99999 99999 99999 99999
100000 100000 50000 50000 99999 99999
100000 100000 99999 99999 99999 99999
100000 100000 50000 50000 99999 99999
100000 100000 99999 99999 99999 99999
100000 100000 50000 50000 99999 99999
100000 100000 99999 99999 99999 99999
100000 100000 50000 50000 99999 99999
100000 100000 99999 99999 99999 99999
100000 100000 50000 50000 99999 99999
100000 100000 99999 99999 99999 99999
100000 100000 50000 50000 99999 99999
100000 100000 99999 99999 99999 99999
100000 100000 50000 50000 99999 99999
100000 100000 99999 99999 99999 99999
100000 100000 50000 50000 99999 99999
100000 100000 99999 99999 99999 99999
100000 100000 50000 50000 99999 99999
100000 100000 99999 99999 99999 99999
