[H[2J############################## in  ##############################
4
3 3 2 2 2 2
5 3 1 2 4 2
1 10 1 3 1 5
6 4 1 3 3 4
############################## OUT ##############################
Case #1: 0.5
Case #2: 0.0625
Case #3: 0
Case #4: 0.3125
#################################################################

############################## in2  ##############################
1
100000 100000
2 2
99999 99999
############################## OUT ##############################
Case #1: 1.20496e-181
#################################################################

############################## in3  ##############################
2
100000 100000 50000 50000 99999 99999
100000 100000 99999 99999 99999 99999
############################## OUT ##############################
Case #1: 1.88198e-46
Case #2: 0.976953
#################################################################

############################## in3_MAXt  ##############################
100
100000 100000 50000 50000 99999 99999
100000 100000 99999 99999 99999 99999
100000 100000 50000 50000 99999 99999
100000 100000 99999 99999 99999 99999
100000 100000 50000 50000 99999 99999
100000 100000 99999 99999 99999 99999
100000 100000 50000 50000 99999 99999
100000 100000 99999 99999 99999 99999
100000 100000 50000 50000 99999 99999
100000 100000 99999 99999 99999 99999
100000 100000 50000 50000 99999 99999
100000 100000 99999 99999 99999 99999
100000 100000 50000 50000 99999 99999
100000 100000 99999 99999 99999 99999
100000 100000 50000 50000 99999 99999
100000 100000 99999 99999 99999 99999
100000 100000 50000 50000 99999 99999
100000 100000 99999 99999 99999 99999
100000 100000 50000 50000 99999 99999
100000 100000 99999 99999 99999 99999
100000 100000 50000 50000 99999 99999
100000 100000 99999 99999 99999 99999
100000 100000 50000 50000 99999 99999
100000 100000 99999 99999 99999 99999
100000 100000 50000 50000 99999 99999
100000 100000 99999 99999 99999 99999
100000 100000 50000 50000 99999 99999
100000 100000 99999 99999 99999 99999
100000 100000 50000 50000 99999 99999
100000 100000 99999 99999 99999 99999
100000 100000 50000 50000 99999 99999
100000 100000 99999 99999 99999 99999
100000 100000 50000 50000 99999 99999
100000 100000 99999 99999 99999 99999
100000 100000 50000 50000 99999 99999
100000 100000 99999 99999 99999 99999
100000 100000 50000 50000 99999 99999
100000 100000 99999 99999 99999 99999
100000 100000 50000 50000 99999 99999
100000 100000 99999 99999 99999 99999
100000 100000 50000 50000 99999 99999
100000 100000 99999 99999 99999 99999
100000 100000 50000 50000 99999 99999
100000 100000 99999 99999 99999 99999
100000 100000 50000 50000 99999 99999
100000 100000 99999 99999 99999 99999
100000 100000 50000 50000 99999 99999
100000 100000 99999 99999 99999 99999
100000 100000 50000 50000 99999 99999
100000 100000 99999 99999 99999 99999
100000 100000 50000 50000 99999 99999
100000 100000 99999 99999 99999 99999
100000 100000 50000 50000 99999 99999
100000 100000 99999 99999 99999 99999
100000 100000 50000 50000 99999 99999
100000 100000 99999 99999 99999 99999
100000 100000 50000 50000 99999 99999
100000 100000 99999 99999 99999 99999
100000 100000 50000 50000 99999 99999
100000 100000 99999 99999 99999 99999
100000 100000 50000 50000 99999 99999
100000 100000 99999 99999 99999 99999
100000 100000 50000 50000 99999 99999
100000 100000 99999 99999 99999 99999
100000 100000 50000 50000 99999 99999
100000 100000 99999 99999 99999 99999
100000 100000 50000 50000 99999 99999
100000 100000 99999 99999 99999 99999
100000 100000 50000 50000 99999 99999
100000 100000 99999 99999 99999 99999
100000 100000 50000 50000 99999 99999
100000 100000 99999 99999 99999 99999
100000 100000 50000 50000 99999 99999
100000 100000 99999 99999 99999 99999
100000 100000 50000 50000 99999 99999
100000 100000 99999 99999 99999 99999
100000 100000 50000 50000 99999 99999
100000 100000 99999 99999 99999 99999
100000 100000 50000 50000 99999 99999
100000 100000 99999 99999 99999 99999
100000 100000 50000 50000 99999 99999
100000 100000 99999 99999 99999 99999
100000 100000 50000 50000 99999 99999
100000 100000 99999 99999 99999 99999
100000 100000 50000 50000 99999 99999
100000 100000 99999 99999 99999 99999
100000 100000 50000 50000 99999 99999
100000 100000 99999 99999 99999 99999
100000 100000 50000 50000 99999 99999
100000 100000 99999 99999 99999 99999
100000 100000 50000 50000 99999 99999
100000 100000 99999 99999 99999 99999
100000 100000 50000 50000 99999 99999
100000 100000 99999 99999 99999 99999
100000 100000 50000 50000 99999 99999
100000 100000 99999 99999 99999 99999
100000 100000 50000 50000 99999 99999
100000 100000 99999 99999 99999 99999
100000 100000 50000 50000 99999 99999
100000 100000 99999 99999 99999 99999
############################## OUT ##############################
Case #1: 1.88198e-46
Case #2: 0.976953
Case #3: 1.88198e-46
Case #4: 0.976953
Case #5: 1.88198e-46
Case #6: 0.976953
Case #7: 1.88198e-46
Case #8: 0.976953
Case #9: 1.88198e-46
Case #10: 0.976953
Case #11: 1.88198e-46
Case #12: 0.976953
Case #13: 1.88198e-46
Case #14: 0.976953
Case #15: 1.88198e-46
Case #16: 0.976953
Case #17: 1.88198e-46
Case #18: 0.976953
Case #19: 1.88198e-46
Case #20: 0.976953
Case #21: 1.88198e-46
Case #22: 0.976953
Case #23: 1.88198e-46
Case #24: 0.976953
Case #25: 1.88198e-46
Case #26: 0.976953
Case #27: 1.88198e-46
Case #28: 0.976953
Case #29: 1.88198e-46
Case #30: 0.976953
Case #31: 1.88198e-46
Case #32: 0.976953
Case #33: 1.88198e-46
Case #34: 0.976953
Case #35: 1.88198e-46
Case #36: 0.976953
Case #37: 1.88198e-46
Case #38: 0.976953
Case #39: 1.88198e-46
Case #40: 0.976953
Case #41: 1.88198e-46
Case #42: 0.976953
Case #43: 1.88198e-46
Case #44: 0.976953
Case #45: 1.88198e-46
Case #46: 0.976953
Case #47: 1.88198e-46
Case #48: 0.976953
Case #49: 1.88198e-46
Case #50: 0.976953
Case #51: 1.88198e-46
Case #52: 0.976953
Case #53: 1.88198e-46
Case #54: 0.976953
Case #55: 1.88198e-46
Case #56: 0.976953
Case #57: 1.88198e-46
Case #58: 0.976953
Case #59: 1.88198e-46
Case #60: 0.976953
Case #61: 1.88198e-46
Case #62: 0.976953
Case #63: 1.88198e-46
Case #64: 0.976953
Case #65: 1.88198e-46
Case #66: 0.976953
Case #67: 1.88198e-46
Case #68: 0.976953
Case #69: 1.88198e-46
Case #70: 0.976953
Case #71: 1.88198e-46
Case #72: 0.976953
Case #73: 1.88198e-46
Case #74: 0.976953
Case #75: 1.88198e-46
Case #76: 0.976953
Case #77: 1.88198e-46
Case #78: 0.976953
Case #79: 1.88198e-46
Case #80: 0.976953
Case #81: 1.88198e-46
Case #82: 0.976953
Case #83: 1.88198e-46
Case #84: 0.976953
Case #85: 1.88198e-46
Case #86: 0.976953
Case #87: 1.88198e-46
Case #88: 0.976953
Case #89: 1.88198e-46
Case #90: 0.976953
Case #91: 1.88198e-46
Case #92: 0.976953
Case #93: 1.88198e-46
Case #94: 0.976953
Case #95: 1.88198e-46
Case #96: 0.976953
Case #97: 1.88198e-46
Case #98: 0.976953
Case #99: 1.88198e-46
Case #100: 0.976953
#################################################################

