[H[2J############################## in  ##############################
4
3 3 2 2 2 2
5 3 1 2 4 2
1 10 1 3 1 5
6 4 1 3 3 4
############################## OUT ##############################
Case #1: 0.5
Case #2: 0.0625
Case #3: 0
Case #4: 0.3125
#################################################################

############################## in2  ##############################
1
100000 100000
2 2
99999 99999
############################## OUT ##############################
Case #1: 0
#################################################################

############################## in3  ##############################
2
100000 100000 50000 50000 99999 99999
100000 100000 99999 99999 99999 99999
############################## OUT ##############################
Case #1: 5.93611e-187
Case #2: 0.988715
#################################################################

############################## in3_MAXt  ##############################
100
100000 100000 50000 50000 99999 99999
100000 100000 99999 99999 99999 99999
100000 100000 50000 50000 99999 99999
100000 100000 99999 99999 99999 99999
100000 100000 50000 50000 99999 99999
100000 100000 99999 99999 99999 99999
100000 100000 50000 50000 99999 99999
100000 100000 99999 99999 99999 99999
100000 100000 50000 50000 99999 99999
100000 100000 99999 99999 99999 99999
100000 100000 50000 50000 99999 99999
100000 100000 99999 99999 99999 99999
100000 100000 50000 50000 99999 99999
100000 100000 99999 99999 99999 99999
100000 100000 50000 50000 99999 99999
100000 100000 99999 99999 99999 99999
100000 100000 50000 50000 99999 99999
100000 100000 99999 99999 99999 99999
100000 100000 50000 50000 99999 99999
100000 100000 99999 99999 99999 99999
100000 100000 50000 50000 99999 99999
100000 100000 99999 99999 99999 99999
100000 100000 50000 50000 99999 99999
100000 100000 99999 99999 99999 99999
100000 100000 50000 50000 99999 99999
100000 100000 99999 99999 99999 99999
100000 100000 50000 50000 99999 99999
100000 100000 99999 99999 99999 99999
100000 100000 50000 50000 99999 99999
100000 100000 99999 99999 99999 99999
100000 100000 50000 50000 99999 99999
100000 100000 99999 99999 99999 99999
100000 100000 50000 50000 99999 99999
100000 100000 99999 99999 99999 99999
100000 100000 50000 50000 99999 99999
100000 100000 99999 99999 99999 99999
100000 100000 50000 50000 99999 99999
100000 100000 99999 99999 99999 99999
100000 100000 50000 50000 99999 99999
100000 100000 99999 99999 99999 99999
100000 100000 50000 50000 99999 99999
100000 100000 99999 99999 99999 99999
100000 100000 50000 50000 99999 99999
100000 100000 99999 99999 99999 99999
100000 100000 50000 50000 99999 99999
100000 100000 99999 99999 99999 99999
100000 100000 50000 50000 99999 99999
100000 100000 99999 99999 99999 99999
100000 100000 50000 50000 99999 99999
100000 100000 99999 99999 99999 99999
100000 100000 50000 50000 99999 99999
100000 100000 99999 99999 99999 99999
100000 100000 50000 50000 99999 99999
100000 100000 99999 99999 99999 99999
100000 100000 50000 50000 99999 99999
100000 100000 99999 99999 99999 99999
100000 100000 50000 50000 99999 99999
100000 100000 99999 99999 99999 99999
100000 100000 50000 50000 99999 99999
100000 100000 99999 99999 99999 99999
100000 100000 50000 50000 99999 99999
100000 100000 99999 99999 99999 99999
100000 100000 50000 50000 99999 99999
100000 100000 99999 99999 99999 99999
100000 100000 50000 50000 99999 99999
100000 100000 99999 99999 99999 99999
100000 100000 50000 50000 99999 99999
100000 100000 99999 99999 99999 99999
100000 100000 50000 50000 99999 99999
100000 100000 99999 99999 99999 99999
100000 100000 50000 50000 99999 99999
100000 100000 99999 99999 99999 99999
100000 100000 50000 50000 99999 99999
100000 100000 99999 99999 99999 99999
100000 100000 50000 50000 99999 99999
100000 100000 99999 99999 99999 99999
100000 100000 50000 50000 99999 99999
100000 100000 99999 99999 99999 99999
100000 100000 50000 50000 99999 99999
100000 100000 99999 99999 99999 99999
100000 100000 50000 50000 99999 99999
100000 100000 99999 99999 99999 99999
100000 100000 50000 50000 99999 99999
100000 100000 99999 99999 99999 99999
100000 100000 50000 50000 99999 99999
100000 100000 99999 99999 99999 99999
100000 100000 50000 50000 99999 99999
100000 100000 99999 99999 99999 99999
100000 100000 50000 50000 99999 99999
100000 100000 99999 99999 99999 99999
100000 100000 50000 50000 99999 99999
100000 100000 99999 99999 99999 99999
100000 100000 50000 50000 99999 99999
100000 100000 99999 99999 99999 99999
100000 100000 50000 50000 99999 99999
100000 100000 99999 99999 99999 99999
100000 100000 50000 50000 99999 99999
100000 100000 99999 99999 99999 99999
100000 100000 50000 50000 99999 99999
100000 100000 99999 99999 99999 99999
############################## OUT ##############################
./drive_all.sh: line 9: 242223 Killed                  ./driver < $F
#################################################################

