100
1
19
23
11001
199
2048
10111
1099
1000
101001
8192
1110
30
1998
256
10
777777
10999
1101
1111
31
900
11010
101
91
10011
99
19
4
11
201
999990
10100
109876
99000
11101
1100
999001
989999
899999
10001
2100
11100
998999
9999
999989
11000
10110
789012
21
11111
9
432109
999000
100000
10010
10101
999899
111
1000000
990001
10000
2201
12000
1999
12
11011
200
22
32
999998
2001
999901
2000
99001
990000
2002
100001
102
999991
1001
110
901
999999
100
90
890123
77
2101
11110
999
20
101000
900001
999900
876543
2200
12001
29
900000
