100
6 1100112
6 2000001
6 2050103
6 1111111
6 0000008
0 1
0 1
6 0000001
6 0006001
5 201121
6 0046001
6 1000001
0 4
6 0000601
0 1
6 1221111
6 8681945
4 00001
4 40091
1 11
0 1
3 4901
0 2
0 1
6 0180001
4 22001
6 0104609
6 2030061
6 9007801
6 9821801
5 211121
6 2201211
0 1
6 5841389
6 3248978
1 01
2 291
2 568
6 1000091
6 2221111
6 0090131
6 0070501
2 002
3 3001
6 1800002
0 1
6 6365127
6 2258152
1 09
2 001
6 0000001
4 00012
6 5292757
1 58
4 11111
5 300305
5 040001
5 938168
6 0600301
0 2
6 1110111
6 0111111
6 7000003
6 6347672
6 1180001
6 2112211
1 47
6 4859491
5 000021
2 081
5 110011
0 1
6 0000501
6 4002807
6 3500009
2 001
6 1122102
1 01
6 2122002
6 5862513
6 9645293
6 9999999
5 210201
6 2020112
1 11
4 30061
6 6060141
1 38
6 0000001
6 1111211
6 0000001
0 1
5 500501
6 6000091
6 0050001
6 8000002
6 0000001
6 6000001
4 11111
6 2030011
