100
4 4 7
1 16 8
4 4 13
3 5 15
3 5 0
2 8 3
4 2 2
3 5 1
3 5 12
3 4 8
1 15 7
3 5 5
1 15 6
3 5 6
4 2 0
15 1 6
5 3 2
5 3 14
2 2 4
3 5 4
3 5 3
16 1 1
2 5 8
1 15 15
2 3 4
3 5 8
5 3 1
3 5 14
5 3 8
16 1 8
3 3 5
1 14 11
7 2 13
16 1 9
1 6 5
2 2 3
1 9 6
5 3 11
4 4 0
4 4 15
1 16 7
5 3 7
1 16 9
4 4 16
2 6 10
16 1 7
15 1 1
3 3 9
1 15 0
3 5 2
5 3 9
16 1 0
2 7 9
9 1 6
1 15 8
5 3 12
1 15 1
3 5 10
5 2 10
2 3 2
4 4 8
3 4 12
5 3 6
3 5 13
6 1 5
2 3 5
1 16 0
1 5 1
16 1 16
4 3 12
15 1 15
2 3 1
15 1 0
1 1 1
5 3 15
15 1 8
4 4 1
3 5 11
1 16 1
3 5 7
1 1 0
3 5 9
1 16 16
5 1 2
5 3 13
11 1 6
2 8 9
15 1 7
5 3 10
4 4 9
5 3 0
1 14 10
6 2 7
8 2 8
5 3 5
5 3 4
8 2 13
5 3 3
7 2 9
1 6 4
