20
40831 23625
4319 1 0 6660 10001
9744 0 1 3341 10001
24787 58760
17 5 0 12153 101
17 0 4 8156 101
5 5
2 5 2 5 7
2 9 3 2 7
999983 999983
0 1 0 775607 999983
775606 0 1 775607 999984
1000000 1000000
1 1 0 1 1000000
1 0 1 1 1000000
999983 999983
0 1 0 210689 999983
210688 0 1 210689 999984
1000000 1000000
991 983 977 971 997
967 977 983 971 997
999983 999983
829642 1 0 829643 999983
829642 0 1 829643 999984
202 719
9 1 0 25 101
82 0 1 76 101
55 21
0 5 0 24680 11
0 0 5 5188 11
1000000 1000000
999999 123321 321123 725725 10000001
999999 321123 123321 725725 10000001
1000 1000
2 13 23 23 49
4 23 13 23 49
999983 999983
0 1 0 5531 999983
5530 0 1 5531 999984
1000000 1000000
1 1 0 1 1000000
1999999 0 1 1999999 1000000
999983 999983
0 1 0 931463 999983
931462 0 1 931463 999984
10 10
0 1 0 1 11
0 0 1 10 11
1000000 1000000
123321 555555 777777 333333 10000001
123321 777777 555555 333333 10000001
446 631
3 1 0 26 101
21 0 1 75 101
999983 999983
765490 1 0 765491 999983
765490 0 1 765491 999984
999983 999983
874480 1 0 874481 999983
874480 0 1 874481 999984
