100
690643626 690643626
974958871 974958871
490738945 490738945
574892843 574892843
424607296 424607296
835607949 835607949
510241356 510241356
174714110 174714110
85165693 85165693
647890926 647890926
412152697 412152697
40838462 40838462
480329696 480329696
591608295 591608295
928870866 928870866
434363220 434363220
111744348 111744348
550655031 550655031
429132987 429132987
593806554 593806554
800146869 800146869
601436986 601436986
397379624 397379624
481317300 481317300
209335261 209335261
497310755 497310755
592979179 592979179
813410717 813410717
296421242 296421242
615960205 615960205
776317081 776317081
913026690 913026690
319970408 319970408
161457287 161457287
905447896 905447896
258395611 258395611
300546011 300546011
329724023 329724023
779640774 779640774
536064721 536064721
644706784 644706784
57330502 57330502
433253518 433253518
898148230 898148230
642311871 642311871
536210181 536210181
158316653 158316653
40229498 40229498
20293756 20293756
480663001 480663001
597727835 597727835
824054905 824054905
781427837 781427837
294444037 294444037
807768851 807768851
202963752 202963752
809095483 809095483
769300719 769300719
18235726 18235726
628439441 628439441
446163106 446163106
372457146 372457146
906707325 906707325
361166696 361166696
853914410 853914410
914111379 914111379
362710441 362710441
380660646 380660646
813442918 813442918
752329256 752329256
378024962 378024962
714543984 714543984
2860124 2860124
158002270 158002270
642232677 642232677
865738216 865738216
195006607 195006607
780944744 780944744
574426001 574426001
194894203 194894203
296585863 296585863
896771570 896771570
38346220 38346220
641541180 641541180
414931940 414931940
828144877 828144877
130548350 130548350
875431101 875431101
979617616 979617616
20772240 20772240
736556954 736556954
488745297 488745297
378339332 378339332
918123529 918123529
852959248 852959248
114414400 114414400
240013167 240013167
210600002 210600002
387849320 387849320
397993195 397993195
